0.184045 0.876596 0.944969 0.000000
0.184045 0.876596 0.833797 0.000000
0.184045 0.876596 0.667037 0.000000
0.184045 0.876596 0.389105 0.000000
0.184045 0.876596 0.222346 0.000000
0.948838 0.830336 0.967204 0.019363
0.948838 0.830336 0.856031 0.002358
0.948838 0.830336 0.611451 0.000000
0.948838 0.830336 0.389105 0.000000
0.062684 0.512835 0.944969 0.000000
0.062684 0.512835 0.833797 0.000000
0.062684 0.512835 0.611451 0.000000
0.062684 0.512835 0.389105 0.000000
0.062684 0.512835 0.000000 0.000000
1.000000 0.102541 0.989439 0.015472
1.000000 0.102541 0.933852 0.007123
1.000000 0.102541 0.833797 0.002830
1.000000 0.102541 0.611451 0.000000
1.000000 0.102541 0.389105 0.000000
1.000000 0.102541 0.111173 0.000000
0.948231 0.663418 1.000000 0.016769
0.996608 0.418670 1.000000 0.018632
0.953323 0.138092 1.000000 0.193160
0.515641 0.789020 0.989439 0.000047
0.515641 0.789020 0.944969 0.000047
0.407372 0.600687 0.989439 0.083019
0.407372 0.600687 0.944969 0.000047
0.407372 0.600687 0.778210 0.000047
0.366636 0.573508 0.944969 1.000000
0.366636 0.573508 0.889383 0.908019
0.366636 0.573508 0.833797 0.691038
0.366636 0.573508 0.778210 0.431604
0.366636 0.573508 0.722624 0.129717
0.366636 0.573508 0.667037 0.000024
0.649734 0.659575 0.978321 0.082311
0.649734 0.659575 0.944969 0.000047
0.192289 0.586824 0.944969 0.000024
0.192289 0.586824 0.989439 0.047877
0.044982 0.245437 0.944969 0.000000
0.044982 0.245437 0.667037 0.000000
0.044982 0.245437 0.989439 0.000000
0.044982 0.245437 0.889383 0.000000
0.044982 0.245437 0.778210 0.000000
0.044982 0.245437 0.500278 0.000000
0.130214 0.433495 0.889383 0.318396
0.130214 0.433495 0.833797 0.103302
0.130214 0.433495 0.778210 0.022241
0.130214 0.433495 0.667037 0.000024
0.130214 0.433495 0.611451 0.000000
0.480687 0.388457 0.989439 0.003113
0.480687 0.388457 0.889383 0.000024
0.480687 0.388457 0.833797 0.000000
0.480687 0.388457 0.722624 0.000000
0.682834 0.549485 0.889383 0.000000
0.682834 0.549485 0.833797 0.000000
0.682834 0.549485 0.722624 0.000000
0.321170 0.189568 0.978321 0.138915
0.321170 0.189568 0.778210 0.179245
0.321170 0.189568 0.667037 0.000024
0.321170 0.189568 0.555864 0.000000
0.008367 0.088265 0.944969 0.009434
0.008367 0.088265 0.833797 0.006132
0.008367 0.088265 0.778210 0.000024
0.008367 0.088265 0.555864 0.000000
0.008367 0.088265 0.333519 0.000000
0.768309 0.622925 0.989439 0.035142
0.768309 0.622925 0.944969 0.000071
0.764551 0.435965 0.989439 0.066274
0.764551 0.435965 0.944969 0.000071
0.775827 0.081127 0.989439 0.027594
0.775827 0.081127 0.944969 0.000071
0.060742 0.207413 0.989439 0.034906
0.060742 0.207413 0.944969 0.028538
0.060742 0.207413 0.833797 0.013821
0.060742 0.207413 0.778210 0.089858
0.060742 0.207413 0.722624 0.000024
0.060742 0.207413 0.667037 0.000000
0.060742 0.207413 0.555864 0.000000
0.060742 0.207413 0.444692 0.000000
0.060742 0.207413 0.333519 0.000000
0.060742 0.207413 0.222346 0.000000
0.213749 0.053125 0.900500 0.217689
0.213749 0.053125 0.833797 0.038679
0.213749 0.053125 0.667037 0.003561
0.213749 0.053125 0.555864 0.000024
0.213749 0.053125 0.444692 0.000000
0.261519 0.001922 0.978321 0.926887
0.261519 0.001922 0.944969 0.650943
0.261519 0.001922 0.833797 0.195519
0.261519 0.001922 0.722624 0.005094
0.261519 0.001922 0.611451 0.000024
0.261519 0.001922 0.444692 0.000000
0.350874 0.000000 0.989439 0.029481
0.350874 0.000000 0.944969 0.180425
0.350874 0.000000 0.833797 0.266509
0.350874 0.000000 0.722624 0.164623
0.350874 0.000000 0.555864 0.000024
0.000000 0.696638 0.989439 0.000024
0.217387 0.360742 0.989439 0.001934
0.217387 0.360742 0.944969 0.000024
0.217387 0.360742 0.778210 0.000024
0.269764 0.377351 0.989439 0.021250
0.269764 0.377351 0.944969 0.000755
0.269764 0.377351 0.889383 0.000024
0.002911 0.337545 0.989439 0.000024
0.002911 0.337545 0.889383 0.000024
0.270006 0.409746 0.989439 0.164387
0.270006 0.409746 0.944969 0.031840
0.270006 0.409746 0.889383 0.000024
0.187441 0.189156 0.944969 0.000000
0.187441 0.189156 0.500278 0.000000
0.187441 0.189156 0.833797 0.000000
0.187441 0.189156 0.722624 0.000000
0.187441 0.189156 0.611451 0.000000
0.598328 0.488127 0.944969 0.000000
0.598328 0.488127 0.778210 0.000000
0.480482 0.219218 0.989439 0.004929
0.480482 0.219218 0.944969 0.002429
0.515278 0.320110 0.889383 0.000024
0.480482 0.219218 0.778210 0.000024
0.480482 0.219218 0.555864 0.000000
0.466174 0.319699 0.967204 0.172877
0.466174 0.319699 0.933852 0.104717
0.466174 0.319699 0.889383 0.000024
0.466174 0.319699 0.833797 0.000024
0.005577 0.915169 0.989439 0.000024
0.005577 0.915169 0.944969 0.000024
0.017218 0.990529 0.989439 0.000024
0.389914 1.000000 0.989439 0.000024
0.648038 0.993138 0.989439 0.162972
0.648038 0.993138 0.944969 0.000189
0.071534 0.657928 0.989439 0.000495
0.071534 0.657928 0.944969 0.000047
0.170346 0.787234 0.944969 0.000047
0.170346 0.787234 0.978321 0.000071
0.587538 0.943035 0.944969 0.000047
0.587538 0.943035 0.978321 0.000047
0.050802 0.738093 0.989439 0.000024
